Mean	Variance
0.1	3.714397877
0.138949549	5.513046906
0.193069773	8.012261627
0.26826958	11.48490922
0.372759372	16.31013741
0.517947468	23.01477023
0.719685673	32.33852011
1	45.41815155
1.389495494	63.72792651
1.930697729	89.23686248
2.682695795	124.5844785
3.72759372	173.2211847
5.179474679	239.4833768
7.19685673	328.4797668
10	445.5171727
13.89495494	594.5776873
19.30697729	775.0802309
26.82695795	976.1104833
37.2759372	1168.075679
51.79474679	1301.910967
71.9685673	1345.405589
100	1397.823236
138.9495494	1680.933304
193.0697729	2244.14635
268.2695795	3056.829932
372.759372	4183.708499
517.9474679	5746.892284
719.685673	7917.169141
1000	10931.55272
1389.495494	15119.18886
1930.697729	20937.30236
2682.695795	29021.15512
3727.59372	40253.32974
5179.474679	55860.33314
7196.85673	77546.1123
10000	107678.3459
13894.95494	149547.7837
19306.97729	207725.7412
26826.95795	288566.0491
37275.9372	400896.9157
51794.74679	556985.3457
71968.5673	773887.1684
100000	1075294.96
138949.5494	1494149.865
193069.7729	2076257.389
268269.5795	2885269.781
372759.372	4009741.633
517947.4679	5572942.939
719685.673	7746442.098
1000000	10769223.04
